$n
[1] 11

$y
 [1] 3.258097 0.000000 4.941642 2.397895 2.639057 4.143135 1.098612 1.945910 3.258097 0.000000
[11] 1.098612

$ee
 [1] 2.7769848 1.4780473 4.0779125 1.7381812 2.5773686 1.3520389 0.2758418 0.9004463 2.2840403
[10] 0.9372493 1.9919328

$x
 [1]  0.61 -1.32 -0.03  0.00 -0.31 -8.58 -2.07 -0.08 -1.05 -0.32 -0.04

$adj
 [1]  2  3  4  8 10  1  3  4  8  9  1  2  5  7  8  9 10 11  1  2  9  3  6  9 11  5  9  3 11  1
[31]  2  3  2  3  4  5  6  1  3  3  5  7

$num
 [1] 5 5 8 3 4 2 2 3 5 2 3

$mu_areas
 [1] 0 0 0 0 0 0 0 0 0 0 0

$C
 [1] 0.2000000 0.1250000 0.3333333 0.3333333 0.5000000 0.2000000 0.1250000 0.3333333 0.3333333
[10] 0.2000000 0.2000000 0.2000000 0.2500000 0.5000000 0.3333333 0.2000000 0.5000000 0.3333333
[19] 0.2000000 0.2000000 0.2000000 0.1250000 0.5000000 0.2000000 0.3333333 0.2500000 0.2000000
[28] 0.1250000 0.3333333 0.2000000 0.2000000 0.1250000 0.2000000 0.1250000 0.3333333 0.2500000
[37] 0.5000000 0.2000000 0.1250000 0.1250000 0.2500000 0.5000000

$M
 [1] 0.2000000 0.2000000 0.1250000 0.3333333 0.2500000 0.5000000 0.5000000 0.3333333 0.2000000
[10] 0.5000000 0.3333333

$gamma
[1] 0.1857521

