$n
[1] 11

$y
 [1]  25   0 139  10  13  62   2   6  25   0   2

$ee
 [1] 15.0704920  3.3843758 58.0221330  4.6869906 12.1624568  2.8652984  0.3176394  1.4607012  8.8162608  1.5529492  6.3296870

$x
 [1]  0.61 -1.32 -0.03  0.00 -0.31 -8.58 -2.07 -0.08 -1.05 -0.32 -0.04

$adj
 [1]  2  3  4  8 10  1  3  4  8  9  1  2  5  7  8  9 10 11  1  2  9  3  6  9 11  5  9  3 11  1  2  3  2  3  4  5  6  1  3  3  5  7

$num
 [1] 5 5 8 3 4 2 2 3 5 2 3

$mu_areas
 [1] 0 0 0 0 0 0 0 0 0 0 0

$C
 [1] 0.2000000 0.1250000 0.3333333 0.3333333 0.5000000 0.2000000 0.1250000 0.3333333 0.3333333 0.2000000 0.2000000 0.2000000
[13] 0.2500000 0.5000000 0.3333333 0.2000000 0.5000000 0.3333333 0.2000000 0.2000000 0.2000000 0.1250000 0.5000000 0.2000000
[25] 0.3333333 0.2500000 0.2000000 0.1250000 0.3333333 0.2000000 0.2000000 0.1250000 0.2000000 0.1250000 0.3333333 0.2500000
[37] 0.5000000 0.2000000 0.1250000 0.1250000 0.2500000 0.5000000

$M
 [1] 0.2000000 0.2000000 0.1250000 0.3333333 0.2500000 0.5000000 0.5000000 0.3333333 0.2000000 0.5000000 0.3333333

$gamma
[1] 0.4571681

