$n
[1] 11

$y
 [1]  2.5  0.0 13.9  1.0  1.3  6.2  0.2  0.6  2.5  0.0  0.2

$ee
 [1] 1.50704920 0.33843758 5.80221330 0.46869906 1.21624568 0.28652984 0.03176394 0.14607012
 [9] 0.88162608 0.15529492 0.63296870

$x
 [1]  0.61 -1.32 -0.03  0.00 -0.31 -8.58 -2.07 -0.08 -1.05 -0.32 -0.04

$adj
 [1]  2  3  4  8 10  1  3  4  8  9  1  2  5  7  8  9 10 11  1  2  9  3  6  9 11  5  9  3 11  1
[31]  2  3  2  3  4  5  6  1  3  3  5  7

$weights
 [1] 1 1 1 1 1 1 1 1 1 1 1 1 1 1 1 1 1 1 1 1 1 1 1 1 1 1 1 1 1 1 1 1 1 1 1 1 1 1 1 1 1 1

$num
 [1] 5 5 8 3 4 2 2 3 5 2 3

