$n
[1] 11

$y
 [1] 0.25 0.00 1.39 0.10 0.13 0.62 0.02 0.06 0.25 0.00 0.02

$ee
 [1] 0.150704920 0.033843758 0.580221330 0.046869906 0.121624568 0.028652984 0.003176394
 [8] 0.014607012 0.088162608 0.015529492 0.063296870

$x
 [1]  0.61 -1.32 -0.03  0.00 -0.31 -8.58 -2.07 -0.08 -1.05 -0.32 -0.04

$adj
 [1]  2  3  4  8 10  1  3  4  8  9  1  2  5  7  8  9 10 11  1  2  9  3  6  9 11  5  9  3 11  1
[31]  2  3  2  3  4  5  6  1  3  3  5  7

$num
 [1] 5 5 8 3 4 2 2 3 5 2 3

$mu_areas
 [1] 0 0 0 0 0 0 0 0 0 0 0

$C
 [1] 0.2000000 0.1250000 0.3333333 0.3333333 0.5000000 0.2000000 0.1250000 0.3333333 0.3333333
[10] 0.2000000 0.2000000 0.2000000 0.2500000 0.5000000 0.3333333 0.2000000 0.5000000 0.3333333
[19] 0.2000000 0.2000000 0.2000000 0.1250000 0.5000000 0.2000000 0.3333333 0.2500000 0.2000000
[28] 0.1250000 0.3333333 0.2000000 0.2000000 0.1250000 0.2000000 0.1250000 0.3333333 0.2500000
[37] 0.5000000 0.2000000 0.1250000 0.1250000 0.2500000 0.5000000

$M
 [1] 0.2000000 0.2000000 0.1250000 0.3333333 0.2500000 0.5000000 0.5000000 0.3333333 0.2000000
[10] 0.5000000 0.3333333

$gamma
[1] 0.728584

