$n
[1] 11

$y
 [1] 0.025 0.000 0.139 0.010 0.013 0.062 0.002 0.006 0.025 0.000 0.002

$ee
 [1] 0.0150704920 0.0033843758 0.0580221330 0.0046869906 0.0121624568 0.0028652984 0.0003176394 0.0014607012 0.0088162608
[10] 0.0015529492 0.0063296870

$x
 [1]  0.61 -1.32 -0.03  0.00 -0.31 -8.58 -2.07 -0.08 -1.05 -0.32 -0.04

$adj
 [1]  2  3  4  8 10  1  3  4  8  9  1  2  5  7  8  9 10 11  1  2  9  3  6  9 11  5  9  3 11  1  2  3  2  3  4  5  6  1  3  3  5  7

$weights
 [1] 1 1 1 1 1 1 1 1 1 1 1 1 1 1 1 1 1 1 1 1 1 1 1 1 1 1 1 1 1 1 1 1 1 1 1 1 1 1 1 1 1 1

$num
 [1] 5 5 8 3 4 2 2 3 5 2 3

